#Fri Jul 23 11:26:20 CDT 2010
om.location.plat.ext.sensor4=-2.000000,4.400000,0.625000
step.ed.calculations=0
om.sensorNames=Front_Right
om.location.plat.ext.sensor3=-2.000000,4.400000,0.625000
om.location.plat.ext.sensor2=-2.000000,4.400000,0.625000
om.location.plat.ext.sensor1=-2.000000,4.400000,0.625000
step.dd.calculation.function=coupledWallDdCalculate
step.ed.calculation.function=pLbcbEdCalc
uisimcor.addresses=MDL-00-02
network.msgTimeout=30000
target.simCor2Lbcb.transformation.function=noTransformCommand
uisimcor.numControlPoints=-1
command.limits.upper2=1,0.000000,0.000000,0.000000,0.000000,0.000000,0.000000,0.000000,0.000000,0.000000,0.000000,0.000000
network.vampInterval=10
command.limits.upper1=2.000000,1.000000,1.000000,0.400000,0.400000,0.400000,0.000000,0.000000,1000.000000,0.000000,0.000000,0.000000
command.limits.used2=0,0,0,0,0,0,0,0,0,0,0,0
command.limits.used1=1.000000,1.000000,1.000000,1.000000,1.000000,1.000000,0.000000,0.000000,1.000000,0.000000,0.000000,0.000000
network.execute.msgTimeout=30000
command.tolerances.window2=0.001000,0.000000,0.000000,0.000000,0.000100,0.000000,0.000000,0.000000,0.000000,0.000000,0.000000,0.000000
command.tolerances.window1=0.010000,0.000000,0.001000,0.000000,0.000100,0.000000,0.000000,0.000000,0.000000,0.000000,0.000000,0.000000
increment.limits.used2=0,0,0,0,0,0,0,0,0,0,0,0
increment.limits.used1=0.000000,0.000000,0.000000,0.000000,0.000000,0.000000,0.000000,0.000000,0.000000,0.000000,0.000000,0.000000
om.numExtSensors=0
om.sensitivities=1.000000
step.triggerEveryStep=1
increment.limits.window2=0.100000,0.000000,0.000000,0.000000,0.000000,0.000000,0.000000,0.000000,0.000000,0.000000,0.000000,0.000000
increment.limits.window1=0.100000,0.000000,0.000000,0.000000,0.000000,0.000000,0.000000,0.000000,0.000000,0.000000,0.000000,0.000000
om.location.base.ext.sensor6=-2.000000,4.150000,19.875000
om.location.base.ext.sensor5=-2.000000,4.150000,19.875000
om.location.base.ext.sensor4=-2.000000,4.150000,19.875000
om.location.base.ext.sensor3=-2.000000,4.150000,19.875000
om.location.base.ext.sensor2=-2.000000,4.150000,19.875000
om.location.base.ext.sensor1=-2.000000,4.150000,19.875000
command.tolerances.used2=0,0,0,0,0,0,0,0,0,0,0,0
command.tolerances.used1=0.000000,0.000000,0.000000,0.000000,0.000000,0.000000,0.000000,0.000000,0.000000,0.000000,0.000000,0.000000
network.address=MDL-00-02
network.timeout=60000
network.omPort=6342
target.lbcb2SimCor.transformation.function=noTransformResponse
logger.cmdLevel=DEBUG
om.sensor.perturbations.lbcb2=0.000000,0.000000,0.000000,0.000000,0.000000,0.000000
om.numLbcbs=1
om.sensor.perturbations.lbcb1=0.000000,0.000000,0.000000,0.000000,0.000000,0.000000
command.limits.lower2=-1.000000,0.000000,0.000000,0.000000,0.000000,0.000000,0.000000,0.000000,0.000000,0.000000,0.000000,0.000000
command.limits.lower1=-2.000000,-1.000000,-1.000000,-0.400000,-0.400000,-0.400000,0.000000,0.000000,-1000.000000,0.000000,0.000000,0.000000
network.simcorPort=6445
step.stepSplitting=1
om.sensor.error.tol=0.000100
step.derivedDof.calculations=0
om.apply2Lbcb=LBCB1
step.ed.correction=0
om.useFakeOm=0
step.sensor.substepInc.lbcb2=1.000000,1.000000,1.000000,1.000000,1.000000,1.000000
step.sensor.substepInc.lbcb1=1.000000,1.000000,1.000000,1.000000,1.000000,1.000000
logger.msgLevel=INFO
network.connectionTimeout=30000
om.location.plat.ext.sensor6=-2.000000,4.400000,0.625000
network.omHost=cee-neespom.cee.illinois.edu
om.location.plat.ext.sensor5=-2.000000,4.400000,0.625000
