#Thu Apr 07 13:34:47 CDT 2011
command.tolerances.used1=1.000000,0.000000,0.000000,0.000000,0.000000,0.000000,0.000000,0.000000,1.000000,0.000000,1.000000,0.000000
network.omPort=6342
om.numExtSensors=4
om.sensor.perturbations.lbcb1=0.010000,1000.000000,0.010000,1000.000000,0.001000,1000.000000
om.sensor.error.tol=0.001000,0.001000,0.001000,0.001000
command.tolerances.window1=0.000500,0.000000,0.000000,0.000000,0.000250,0.000000,0.000000,0.000000,1.000000,0.000000,5.000000,0.000000
om.useFakeOm=0
network.omHost=cee-neessmom3.cee.illinois.edu
logger.cmdLevel=DEBUG
step.correction=1,0,0,0,0
om.apply2Lbcb=LBCB1,LBCB1,LBCB1,LBCB1
correctionSettings.labels.cfg=RyOffset,null,null,null,null,null,null,null,null,null,null,null,null,null,null,null,null,null,null,null
step.prelimAdjustTarget.function=wharfPierEdPrelimAdjust,<NONE>
network.triggerPort=6446
step.calculations=1,0,0,0,0
step.calculation.function=wharfPierEdCalculate,<NONE>,<NONE>,<NONE>,<NONE>
correctionSettings.values.cfg=0.000000,0.000000,0.000000,0.000000,0.000000,0.000000,0.000000,0.000000,0.000000,0.000000,0.000000,0.000000,0.000000,0.000000,0.000000,0.000000,0.000000,0.000000,0.000000,0.000000
step.adjustTarget.function=wharfPierEdAdjustTarget,<NONE>,<NONE>,<NONE>,<NONE>
step.correctEveryStep=0
om.location.base.ext.sensor4=9.375000,0.000000,8.062500
om.location.base.ext.sensor3=-10.125000,0.000000,8.250000
om.sensorNames=Horizontal_Front,Horizontal_Back,Vertical_Left,Vertical_Right
om.location.base.ext.sensor2=17.500000,-4.062500,0.812500
om.location.base.ext.sensor1=17.562500,3.875000,0.812500
om.sensitivities=1.000000,1.000000,1.000000,1.000000
network.msgTimeout=10000
logger.msgLevel=INFO
om.location.plat.ext.sensor4=9.250000,0.062500,0.625000
om.location.plat.ext.sensor3=-10.125000,0.062500,0.937500
om.location.plat.ext.sensor2=7.500000,-4.062500,1.125000
step.needsCorrection.function=wharfPierEdNeedsCorrection,<NONE>,<NONE>,<NONE>,<NONE>
om.location.plat.ext.sensor1=7.562500,4.000000,0.687500
network.execute.msgTimeout=60000
network.vampInterval=15
