#Fri Mar 01 14:31:24 CST 2013
External\ X2=0.0000000e+000
External\ X1=0.0000000e+000
CS_Z_EF_North=-1.7995330e+001
CS_Z_WF_North=-1.7137870e+001
ExternalY=-7.8654770e-001
ExternalZ3=-5.6634320e-001
ExternalZ2=-5.7961750e-001
ExternalZ1=-8.3557020e-001
CS_X_WF=-8.3609310e+000
CS_Y_EF=-1.6905800e+001
External\ Z3=0.0000000e+000
External\ Z2=0.0000000e+000
External\ Z1=0.0000000e+000
ExternalX2=-2.6774610e+000
CS_Y_WF=-1.3134990e+001
ExternalX1=-3.4666490e+000
External\ Y=0.0000000e+000
CS_Z_EF_South=-1.7756480e+001
CS_Z_WF_South=-1.6613480e+001
