#Fri Apr 23 14:25:36 CDT 2010
om.location.plat.ext.sensor4=0.000000,0.000000,0.000000
step.ed.calculations=0
om.sensorNames=LPot1,LPot2,LPot3,LPot4
om.location.plat.ext.sensor3=0.000000,0.000000,0.000000
om.location.plat.ext.sensor2=0.000000,0.000000,0.000000
om.location.plat.ext.sensor1=0.000000,0.000000,0.000000
step.dd.calculation.function=coupledWallDdCalculate
step.ed.calculation.function=coupledWallEdCalculate
uisimcor.addresses=MDL-00-02
network.msgTimeout=900000
target.simCor2Lbcb.transformation.function=noTransformCommand
uisimcor.numControlPoints=0
command.limits.upper2=1,0.000000,0.000000,0.000000,0.000000,0.000000,0.000000,0.000000,0.000000,0.000000,0.000000,0.000000
command.limits.upper1=1,0.000000,0.000000,0.000000,0.000000,0.000000,0.000000,0.000000,0.000000,0.000000,0.000000,0.000000
network.triggerPort=6446
command.limits.used2=1,0,0,0,0,0,0,0,0,0,0,0
command.limits.used1=1.000000,0.000000,0.000000,0.000000,0.000000,0.000000,0.000000,0.000000,0.000000,0.000000,0.000000,0.000000
command.tolerances.window2=0.010000,0.000000,0.000000,0.000000,0.000200,0.000000,0.000000,0.000000,0.000000,0.000000,0.000000,0.000000
command.tolerances.window1=0.010000,0.000000,0.000000,0.000000,0.000200,0.000000,0.000000,0.000000,0.000000,0.000000,0.000000,0.000000
increment.limits.used2=0,0,0,0,0,0,0,0,0,0,0,0
increment.limits.used1=0.000000,0.000000,0.000000,0.000000,0.000000,0.000000,0.000000,0.000000,0.000000,0.000000,0.000000,0.000000
om.numExtSensors=4
om.sensitivities=1.000000,1.000000,1.000000,1.000000
step.triggerEveryStep=1
increment.limits.window2=0.100000,0.000000,0.000000,0.000000,0.000000,0.000000,0.000000,0.000000,0.000000,0.000000,0.000000,0.000000
increment.limits.window1=0.100000,0.000000,0.000000,0.000000,0.000000,0.000000,0.000000,0.000000,0.000000,0.000000,0.000000,0.000000
om.location.base.ext.sensor6=-19.350000,-7.400000,0.420000
om.location.base.ext.sensor5=-19.350000,-7.400000,0.420000
om.location.base.ext.sensor4=0.000000,0.000000,0.000000
om.location.base.ext.sensor3=0.000000,0.000000,0.000000
om.location.base.ext.sensor2=0.000000,0.000000,0.000000
om.location.base.ext.sensor1=0.000000,0.000000,0.000000
command.tolerances.used2=1,0,0,0,1,0,0,0,0,0,0,0
command.tolerances.used1=1.000000,0.000000,0.000000,0.000000,1.000000,0.000000,0.000000,0.000000,0.000000,0.000000,0.000000,0.000000
network.address=MDL-00-01
network.timeout=60000
target.lbcb2SimCor.transformation.function=noTransformResponse
logger.cmdLevel=DEBUG
network.omPort=6342
om.sensor.perturbations.lbcb2=0.010000,1000.000000,0.010000,1000.000000,0.000200,1000.000000
om.numLbcbs=1
om.sensor.perturbations.lbcb1=0.010000,1000.000000,0.010000,1000.000000,0.000200,1000.000000
command.limits.lower2=-1.000000,0.000000,0.000000,0.000000,0.000000,0.000000,0.000000,0.000000,0.000000,0.000000,0.000000,0.000000
command.limits.lower1=-1,0.000000,0.000000,0.000000,0.000000,0.000000,0.000000,0.000000,0.000000,0.000000,0.000000,0.000000
network.simcorPort=6445
step.stepSplitting=1
om.sensor.error.tol=0.000100,0.000100,0.000100,0.000100
step.derivedDof.calculations=0
om.apply2Lbcb=LBCB1,LBCB1,LBCB1,LBCB1
step.ed.correction=0
om.useFakeOm=0
step.sensor.substepInc.lbcb2=1000.000000,1000.000000,1000.000000,1000.000000,1000.000000,1000.000000
step.sensor.substepInc.lbcb1=0.020000,1.000000,1.000000,1.000000,1.000000,0.002000
logger.msgLevel=INFO
om.location.plat.ext.sensor6=-9.000000,-7.000000,0.420000
om.location.plat.ext.sensor5=-9.000000,-7.000000,0.420000
network.omHost=cee-neessmom3.cee.illinois.edu
