#Wed Dec 22 11:30:28 CST 2010
om.location.plat.ext.sensor4=1.500000,-4.757500,0.500000
step.ed.calculations=1
om.sensorNames=Horizontal_Right,Horizontal_Left,Back_Vertical,Horizontal,Front_Left,Front_Right
om.location.plat.ext.sensor3=1.500000,-4.367500,0.500000
om.location.plat.ext.sensor2=6.377500,3.500000,0.500000
om.location.plat.ext.sensor1=-3.377500,0.000000,0.500000
step.dd.calculation.function=coupledWallDdCalculate
step.ed.calculation.function=pLbcbEdCalc
uisimcor.addresses=MDL-00-01,MDL-00-02
network.msgTimeout=3000000
target.simCor2Lbcb.transformation.function=JianTransformCommand
uisimcor.numControlPoints=2
command.limits.upper2=1,0.000000,0.000000,0.000000,0.000000,0.000000,0.000000,0.000000,0.000000,0.000000,0.000000,0.000000
network.vampInterval=10
command.limits.upper1=2.000000,1.000000,1.000000,0.400000,0.400000,0.400000,0.000000,0.000000,5000.000000,0.000000,0.000000,0.000000
command.limits.used2=0,0,0,0,0,0,0,0,0,0,0,0
command.limits.used1=1.000000,1.000000,1.000000,1.000000,1.000000,1.000000,0.000000,0.000000,0.000000,0.000000,0.000000,0.000000
network.execute.msgTimeout=3000000
command.tolerances.window2=0.001000,0.000000,0.000000,0.000000,0.000100,0.000000,0.000000,0.000000,0.000000,0.000000,0.000000,0.000000
command.tolerances.window1=0.000100,0.010000,0.000010,0.000000,0.000100,0.000000,0.000000,0.000000,10.000000,0.000000,0.000000,0.000000
increment.limits.used2=0,0,0,0,0,0,0,0,0,0,0,0
increment.limits.used1=1.000000,1.000000,1.000000,1.000000,1.000000,1.000000,0.000000,0.000000,0.000000,0.000000,0.000000,0.000000
om.numExtSensors=6
om.sensitivities=1.000000,1.000000,1.000000,1.000000,1.000000,1.000000
step.triggerEveryStep=0
increment.limits.window2=0.100000,0.000000,0.000000,0.000000,0.000000,0.000000,0.000000,0.000000,0.000000,0.000000,0.000000,0.000000
increment.limits.window1=0.010000,0.010000,0.010000,0.005000,0.005000,0.005000,500.000000,500.000000,500.000000,500.000000,500.000000,500.000000
om.location.base.ext.sensor6=-1.691600,4.058000,16.205300
om.location.base.ext.sensor5=5.308400,4.058000,16.205300
om.location.base.ext.sensor4=-12.944600,-5.629700,5.084000
om.location.base.ext.sensor3=1.808400,-4.677000,16.205300
om.location.base.ext.sensor2=6.805900,11.989200,1.692000
om.location.base.ext.sensor1=-3.213250,11.965700,1.690000
command.tolerances.used2=0,0,0,0,0,0,0,0,0,0,0,0
command.tolerances.used1=0.000000,0.000000,0.000000,0.000000,0.000000,0.000000,0.000000,0.000000,0.000000,0.000000,0.000000,0.000000
network.address=MDL-00-01
network.timeout=60000
logger.cmdLevel=DEBUG
target.lbcb2SimCor.transformation.function=JianTransformResponse
network.omPort=6342
om.numLbcbs=1
om.sensor.perturbations.lbcb2=0.010000,0.010000,0.010000,0.000200,0.000200,0.000200
om.sensor.perturbations.lbcb1=0.010000,0.010000,0.010000,0.000200,0.000200,0.000200
command.limits.lower2=-1.000000,0.000000,0.000000,0.000000,0.000000,0.000000,0.000000,0.000000,0.000000,0.000000,0.000000,0.000000
command.limits.lower1=-2.000000,-1.000000,-1.000000,-0.400000,-0.400000,-0.400000,0.000000,0.000000,-1000.000000,0.000000,0.000000,0.000000
network.simcorPort=6445
om.sensor.error.tol=0.000100,0.000100,0.000100,0.000100,0.000100,0.000100
step.stepSplitting=1
step.derivedDof.calculations=0
om.apply2Lbcb=LBCB1,LBCB1,LBCB1,LBCB1,LBCB1,LBCB1
step.ed.correction=1
om.useFakeOm=0
step.sensor.substepInc.lbcb2=1.000000,1.000000,1.000000,1.000000,1.000000,1.000000
step.sensor.substepInc.lbcb1=1.000000,1.000000,1.000000,1.000000,1.000000,1.000000
logger.msgLevel=INFO
om.location.plat.ext.sensor6=-2.000000,4.367500,0.500000
network.connectionTimeout=3000000
om.location.plat.ext.sensor5=5.000000,4.367500,0.500000
network.omHost=cee-neespom.cee.illinois.edu
