#Sun Jun 17 15:59:09 CDT 2012
CS_X_Back=-2.6900780e+000
CS_X_Front=-3.8994950e+000
Back_Vertical=-9.2471080e-001
CS_Z_Right_Front=-5.6338530e-001
CS_Z_Left=-4.6661640e-001
Front_Right=-1.2880150e+000
CS_Y=-1.1950040e+000
Horizontal_Right=-9.8864860e-001
Front_Left=-9.8122470e-001
CS_Z_Right_Back=-5.6484130e-001
Horizontal_Left=-9.7670760e-001
Horizontal=-2.7253700e+000
