#Wed May 19 16:41:24 CDT 2010
om.location.plat.ext.sensor4=-1.608000,3.914000,0.750000
step.ed.calculations=1
om.sensorNames=Back_Vertical,Horizontal,Front_Left,Front_Right
om.location.plat.ext.sensor3=4.466000,3.914000,0.725000
om.location.plat.ext.sensor2=-1.608000,-4.725000,0.750000
om.location.plat.ext.sensor1=-1.608000,-3.914000,0.750000
step.dd.calculation.function=coupledWallDdCalculate
step.ed.calculation.function=coupledWallEdCalculate
uisimcor.addresses=MDL-00-02
network.msgTimeout=900000
target.simCor2Lbcb.transformation.function=noTransformCommand
uisimcor.numControlPoints=-1
command.limits.upper2=1,0.000000,0.000000,0.000000,0.000000,0.000000,0.000000,0.000000,0.000000,0.000000,0.000000,0.000000
network.vampInterval=12
command.limits.upper1=1,0.000000,0.000000,0.000000,0.000000,0.000000,0.000000,0.000000,0.000000,0.000000,0.000000,0.000000
command.limits.used2=1,0,0,0,0,0,0,0,0,0,0,0
command.limits.used1=1.000000,0.000000,0.000000,0.000000,0.000000,0.000000,0.000000,0.000000,0.000000,0.000000,0.000000,0.000000
network.execute.msgTimeout=300000
command.tolerances.window2=0.001000,0.000000,0.000000,0.000000,0.000100,0.000000,0.000000,0.000000,0.000000,0.000000,0.000000,0.000000
command.tolerances.window1=0.001000,0.000000,0.000000,0.000000,0.000100,0.000000,0.000000,0.000000,0.000000,0.000000,0.000000,0.000000
increment.limits.used2=0,0,0,0,0,0,0,0,0,0,0,0
increment.limits.used1=0.000000,0.000000,0.000000,0.000000,0.000000,0.000000,0.000000,0.000000,0.000000,0.000000,0.000000,0.000000
om.numExtSensors=4
om.sensitivities=1.000000,1.000000,1.000000,1.000000
increment.limits.window2=0.100000,0.000000,0.000000,0.000000,0.000000,0.000000,0.000000,0.000000,0.000000,0.000000,0.000000,0.000000
increment.limits.window1=0.100000,0.000000,0.000000,0.000000,0.000000,0.000000,0.000000,0.000000,0.000000,0.000000,0.000000,0.000000
om.location.base.ext.sensor6=-19.350000,-7.400000,0.420000
om.location.base.ext.sensor5=-19.350000,-7.400000,0.420000
om.location.base.ext.sensor4=1.714000,3.824000,14.880000
om.location.base.ext.sensor3=4.572000,3.824000,14.880000
om.location.base.ext.sensor2=-14.894000,-5.465000,2.786250
om.location.base.ext.sensor1=-1.502000,-4.004000,14.880000
command.tolerances.used2=1,0,0,0,1,0,0,0,0,0,0,0
command.tolerances.used1=1.000000,0.000000,0.000000,0.000000,1.000000,0.000000,0.000000,0.000000,0.000000,0.000000,0.000000,0.000000
network.address=MDL-00-02
network.timeout=60000
logger.cmdLevel=DEBUG
target.lbcb2SimCor.transformation.function=noTransformResponse
network.omPort=6342
om.numLbcbs=1
om.sensor.perturbations.lbcb2=0.010000,1000.000000,0.010000,0.000200,0.000200,1000.000000
om.sensor.perturbations.lbcb1=0.010000,1000.000000,0.010000,0.000200,0.000200,1000.000000
command.limits.lower2=-1.000000,0.000000,0.000000,0.000000,0.000000,0.000000,0.000000,0.000000,0.000000,0.000000,0.000000,0.000000
command.limits.lower1=-1,0.000000,0.000000,0.000000,0.000000,0.000000,0.000000,0.000000,0.000000,0.000000,0.000000,0.000000
network.simcorPort=6445
om.sensor.error.tol=0.000100,0.000100,0.000100,0.000100
step.stepSplitting=0
step.derivedDof.calculations=0
om.apply2Lbcb=LBCB1,LBCB1,LBCB1,LBCB1
step.ed.correction=0
step.sensor.substepInc.lbcb2=1.000000,1.000000,1.000000,1.000000,1.000000,1.000000
step.sensor.substepInc.lbcb1=1.000000,1.000000,1.000000,1.000000,1.000000,1.000000
logger.msgLevel=INFO
om.location.plat.ext.sensor6=-9.000000,-7.000000,0.420000
network.connectionTimeout=30000
om.location.plat.ext.sensor5=-9.000000,-7.000000,0.420000
network.omHost=cee-neespom.cee.illinois.edu
