#Sat Jul 31 21:00:08 CDT 2010
om.location.plat.ext.sensor4=-2.000000,4.382000,0.500000
step.ed.calculations=1
om.sensorNames=Back_Vertical,Horizontal,Front_Left,Front_Right
om.location.plat.ext.sensor3=5.000000,4.382000,0.500000
om.location.plat.ext.sensor2=1.500000,-4.750000,0.500000
om.location.plat.ext.sensor1=1.500000,-4.382000,0.500000
step.dd.calculation.function=coupledWallDdCalculate
step.ed.calculation.function=pLbcbEdCalc
uisimcor.addresses=MDL-00-01
network.msgTimeout=3000000
target.simCor2Lbcb.transformation.function=FrameworkTransformCommand2
uisimcor.numControlPoints=1
command.limits.upper2=1,0.000000,0.000000,0.000000,0.000000,0.000000,0.000000,0.000000,0.000000,0.000000,0.000000,0.000000
network.vampInterval=10
command.limits.upper1=2.000000,1.000000,1.000000,0.400000,0.400000,0.400000,0.000000,0.000000,5000.000000,0.000000,0.000000,0.000000
command.limits.used2=0,0,0,0,0,0,0,0,0,0,0,0
command.limits.used1=1.000000,1.000000,1.000000,1.000000,1.000000,1.000000,0.000000,0.000000,0.000000,0.000000,0.000000,0.000000
network.execute.msgTimeout=3000000
command.tolerances.window2=0.001000,0.000000,0.000000,0.000000,0.000100,0.000000,0.000000,0.000000,0.000000,0.000000,0.000000,0.000000
command.tolerances.window1=0.010000,0.010000,0.010000,0.000000,0.001000,0.000000,0.000000,0.000000,0.000000,0.000000,0.000000,0.000000
increment.limits.used2=0,0,0,0,0,0,0,0,0,0,0,0
increment.limits.used1=1.000000,1.000000,1.000000,1.000000,1.000000,1.000000,0.000000,0.000000,0.000000,0.000000,0.000000,0.000000
om.numExtSensors=4
om.sensitivities=1.000000,1.000000,1.000000,1.000000
step.triggerEveryStep=0
increment.limits.window2=0.100000,0.000000,0.000000,0.000000,0.000000,0.000000,0.000000,0.000000,0.000000,0.000000,0.000000,0.000000
increment.limits.window1=0.100000,0.100000,0.100000,0.050000,0.050000,0.050000,500.000000,500.000000,500.000000,500.000000,500.000000,500.000000
om.location.base.ext.sensor6=-2.000000,4.150000,19.875000
om.location.base.ext.sensor5=-2.000000,4.150000,19.875000
om.location.base.ext.sensor4=-2.000000,4.382000,14.100000
om.location.base.ext.sensor3=5.000000,4.382000,14.100000
om.location.base.ext.sensor2=-14.913000,-8.579000,5.084000
om.location.base.ext.sensor1=1.500000,-4.382000,14.100000
command.tolerances.used2=0,0,0,0,0,0,0,0,0,0,0,0
command.tolerances.used1=1.000000,0.000000,1.000000,0.000000,1.000000,0.000000,0.000000,0.000000,0.000000,0.000000,0.000000,0.000000
network.address=MDL-00-01
network.timeout=60000
logger.cmdLevel=DEBUG
target.lbcb2SimCor.transformation.function=FrameworkTransformResponse2
network.omPort=6342
om.numLbcbs=1
om.sensor.perturbations.lbcb2=0.001000,1000.000000,0.001000,0.000200,0.000200,1000.000000
om.sensor.perturbations.lbcb1=0.001000,1000.000000,0.001000,0.000200,0.000200,1000.000000
command.limits.lower2=-1.000000,0.000000,0.000000,0.000000,0.000000,0.000000,0.000000,0.000000,0.000000,0.000000,0.000000,0.000000
command.limits.lower1=-2.000000,-1.000000,-1.000000,-0.400000,-0.400000,-0.400000,0.000000,0.000000,-1000.000000,0.000000,0.000000,0.000000
network.simcorPort=6445
om.sensor.error.tol=0.000100,0.000100,0.000100,0.000100
step.stepSplitting=1
step.derivedDof.calculations=0
om.apply2Lbcb=LBCB1,LBCB1,LBCB1,LBCB1
step.ed.correction=1
om.useFakeOm=0
step.sensor.substepInc.lbcb2=1.000000,1.000000,1.000000,1.000000,1.000000,1.000000
step.sensor.substepInc.lbcb1=1.000000,1.000000,1.000000,1.000000,1.000000,1.000000
logger.msgLevel=INFO
om.location.plat.ext.sensor6=-2.000000,4.400000,0.625000
network.connectionTimeout=3000000
om.location.plat.ext.sensor5=-2.000000,4.400000,0.625000
network.omHost=cee-neespom.cee.illinois.edu
