#Fri Oct 05 13:07:29 CDT 2012
CS_Z_WF_South=-1.4692730e+001
CS_Z_EF_North=-1.6908180e+001
CS_ZS=-8.5009210e+000
CS_Z_EF_South=-1.6478920e+001
CS_ZN=-8.9744000e+000
CS_Y_WF=-1.4060690e+001
CS_XE=-1.2503810e+001
CS_Y=-2.3665330e+000
CS_XW=-1.1138480e+001
CS_X_WF=-7.1572030e+000
CS_Y_EF=-1.3832830e+001
CS_Z_WF_North=-1.5168640e+001
CS_ZC=-6.4630160e+000
