#Sat May 05 21:48:11 CDT 2012
P2_CS_Z_back=-1.6384520e+001
P2_CS_Z_right=-1.8143630e+001
P1_CS_Z_left=-1.1634920e+001
P1_CS_Z_right=-1.2739860e+001
P2_CS_X_front=-1.4857940e+001
P1_CS_Z_back=-1.1417140e+001
P1_CS_X_front=-1.5527560e+001
P2_CS_X_back=-1.4296870e+001
P1_CS_Y=-1.3901220e+001
P1_CS_X_back=-1.4480140e+001
P2_CS_Z_left=-1.6258840e+001
P2_CS_Y=-1.3059540e+001
