#Thu May 03 11:27:33 CDT 2012
P2_CS_Z_right=-1.8145620e+001
P2_CS_Z_back=-1.6411610e+001
P1_CS_Z_left=-1.1731920e+001
P1_CS_Z_right=-1.2679180e+001
P2_CS_X_front=-1.4845590e+001
P1_CS_Z_back=-1.1516080e+001
P1_CS_X_front=-1.5703940e+001
P2_CS_X_back=-1.4332710e+001
P1_CS_Y=-1.3839340e+001
P1_CS_X_back=-1.4672120e+001
P2_CS_Z_left=-1.6252470e+001
P2_CS_Y=-1.3102590e+001
