#Tue May 25 11:36:32 CDT 2010
om.location.plat.ext.sensor4=-1.477500,-4.430000,0.710000
step.ed.calculations=1
om.sensorNames=Horizontal_Right,Horizontal_Left,Back_Vertical,Horizontal,Front_Left,Front_Right
om.location.plat.ext.sensor3=-1.477500,-3.800000,0.710000
om.location.plat.ext.sensor2=2.887000,0.165000,0.632000
om.location.plat.ext.sensor1=-6.053000,0.765000,0.600000
step.dd.calculation.function=coupledWallDdCalculate
step.ed.calculation.function=coupledWallEdCalculate
uisimcor.addresses=MDL-00-02
network.msgTimeout=900000
target.simCor2Lbcb.transformation.function=noTransformCommand
uisimcor.numControlPoints=-1
command.limits.upper2=1,0.000000,0.000000,0.000000,0.000000,0.000000,0.000000,0.000000,0.000000,0.000000,0.000000,0.000000
network.vampInterval=12
command.limits.upper1=2.000000,1.000000,0.000000,0.000000,0.000000,0.000000,0.000000,0.000000,0.000000,0.000000,0.000000,0.000000
command.limits.used2=1,0,0,0,0,0,0,0,0,0,0,0
command.limits.used1=1.000000,1.000000,0.000000,0.000000,0.000000,0.000000,0.000000,0.000000,0.000000,0.000000,0.000000,0.000000
network.execute.msgTimeout=300000
command.tolerances.window2=0.001000,0.000000,0.000000,0.000000,0.000100,0.000000,0.000000,0.000000,0.000000,0.000000,0.000000,0.000000
command.tolerances.window1=0.001000,0.000000,0.001000,0.000000,0.000100,0.000000,0.000000,0.000000,0.000000,0.000000,0.000000,0.000000
increment.limits.used2=0,0,0,0,0,0,0,0,0,0,0,0
increment.limits.used1=0.000000,0.000000,0.000000,0.000000,0.000000,0.000000,0.000000,0.000000,0.000000,0.000000,0.000000,0.000000
om.numExtSensors=6
om.sensitivities=1.000000,1.000000,1.000000,1.000000,1.000000,1.000000
increment.limits.window2=0.100000,0.000000,0.000000,0.000000,0.000000,0.000000,0.000000,0.000000,0.000000,0.000000,0.000000,0.000000
increment.limits.window1=0.100000,0.000000,0.000000,0.000000,0.000000,0.000000,0.000000,0.000000,0.000000,0.000000,0.000000,0.000000
om.location.base.ext.sensor6=-1.523660,3.717520,15.437500
om.location.base.ext.sensor5=4.580586,3.717520,15.437500
om.location.base.ext.sensor4=-17.015600,-3.655020,2.843000
om.location.base.ext.sensor3=-1.523660,-3.782480,15.437500
om.location.base.ext.sensor2=3.200000,11.165000,0.768000
om.location.base.ext.sensor1=-6.654000,11.140000,0.796000
command.tolerances.used2=1,0,0,0,1,0,0,0,0,0,0,0
command.tolerances.used1=1.000000,0.000000,1.000000,0.000000,1.000000,0.000000,0.000000,0.000000,0.000000,0.000000,0.000000,0.000000
network.address=MDL-00-02
network.timeout=60000
network.omPort=6342
target.lbcb2SimCor.transformation.function=noTransformResponse
logger.cmdLevel=DEBUG
om.sensor.perturbations.lbcb2=0.010000,0.010000,0.010000,0.000200,0.000200,0.000200
om.numLbcbs=1
om.sensor.perturbations.lbcb1=0.010000,0.010000,0.010000,0.000200,0.000200,0.000200
command.limits.lower2=-1.000000,0.000000,0.000000,0.000000,0.000000,0.000000,0.000000,0.000000,0.000000,0.000000,0.000000,0.000000
command.limits.lower1=-2.000000,-1.000000,0.000000,0.000000,0.000000,0.000000,0.000000,0.000000,0.000000,0.000000,0.000000,0.000000
network.simcorPort=6445
step.stepSplitting=0
om.sensor.error.tol=0.000100,0.000100,0.000100,0.000100,0.000100,0.000100
step.derivedDof.calculations=0
om.apply2Lbcb=LBCB1,LBCB1,LBCB1,LBCB1,LBCB1,LBCB1
step.ed.correction=1
step.sensor.substepInc.lbcb2=1.000000,1.000000,1.000000,1.000000,1.000000,1.000000
step.sensor.substepInc.lbcb1=1.000000,1.000000,1.000000,1.000000,1.000000,1.000000
logger.msgLevel=INFO
network.connectionTimeout=30000
om.location.plat.ext.sensor6=-1.477500,3.800000,0.717000
network.omHost=cee-neespom.cee.illinois.edu
om.location.plat.ext.sensor5=4.627500,3.800000,0.638000
