#Wed Jun 16 07:49:48 CDT 2010
om.location.plat.ext.sensor4=1.000000,-4.820000,0.625000
step.ed.calculations=1
om.sensorNames=Horizontal_Right,Horizontal_Left,Back_Vertical,Horizontal,Front_Left,Front_Right
om.location.plat.ext.sensor3=1.000000,-4.400000,0.625000
om.location.plat.ext.sensor2=6.390000,3.500000,0.625000
om.location.plat.ext.sensor1=-6.390000,3.500000,0.625000
step.dd.calculation.function=coupledWallDdCalculate
step.ed.calculation.function=pLbcbEdCalc
uisimcor.addresses=MDL-00-01
network.msgTimeout=3000000
target.simCor2Lbcb.transformation.function=FrameworkTransformCommand2
uisimcor.numControlPoints=1
command.limits.upper2=1,0.000000,0.000000,0.000000,0.000000,0.000000,0.000000,0.000000,0.000000,0.000000,0.000000,0.000000
network.vampInterval=10
command.limits.upper1=2.000000,1.000000,1.000000,0.400000,0.400000,0.400000,0.000000,0.000000,5000.000000,0.000000,0.000000,0.000000
command.limits.used2=0,0,0,0,0,0,0,0,0,0,0,0
command.limits.used1=1.000000,1.000000,1.000000,1.000000,1.000000,1.000000,0.000000,0.000000,1.000000,0.000000,0.000000,0.000000
network.execute.msgTimeout=3000000
command.tolerances.window2=0.001000,0.000000,0.000000,0.000000,0.000100,0.000000,0.000000,0.000000,0.000000,0.000000,0.000000,0.000000
command.tolerances.window1=0.010000,0.000000,0.001000,0.000000,0.000100,0.000000,0.000000,0.000000,0.000000,0.000000,0.000000,0.000000
increment.limits.used2=0,0,0,0,0,0,0,0,0,0,0,0
increment.limits.used1=1.000000,1.000000,1.000000,1.000000,1.000000,1.000000,1.000000,1.000000,1.000000,1.000000,1.000000,1.000000
om.numExtSensors=6
om.sensitivities=1.000000,1.000000,1.000000,1.000000,1.000000,1.000000
increment.limits.window2=0.100000,0.000000,0.000000,0.000000,0.000000,0.000000,0.000000,0.000000,0.000000,0.000000,0.000000,0.000000
increment.limits.window1=0.100000,0.100000,0.100000,0.050000,0.050000,0.050000,500.000000,500.000000,500.000000,500.000000,500.000000,500.000000
om.location.base.ext.sensor6=-2.000000,4.150000,19.875000
om.location.base.ext.sensor5=4.000000,4.150000,19.875000
om.location.base.ext.sensor4=-14.913000,-8.579000,5.084000
om.location.base.ext.sensor3=1.000000,-4.650000,19.875000
om.location.base.ext.sensor2=6.709000,12.014000,1.717000
om.location.base.ext.sensor1=-7.212000,12.112000,1.650000
command.tolerances.used2=0,0,0,0,0,0,0,0,0,0,0,0
command.tolerances.used1=0.000000,0.000000,0.000000,0.000000,0.000000,0.000000,0.000000,0.000000,0.000000,0.000000,0.000000,0.000000
network.address=MDL-00-01
network.timeout=60000
network.omPort=6342
target.lbcb2SimCor.transformation.function=FrameworkTransformResponse2
logger.cmdLevel=DEBUG
om.sensor.perturbations.lbcb2=0.010000,0.010000,0.010000,0.000200,0.000200,0.000200
om.numLbcbs=1
om.sensor.perturbations.lbcb1=0.010000,0.010000,0.010000,0.000200,0.000200,0.000200
command.limits.lower2=-1.000000,0.000000,0.000000,0.000000,0.000000,0.000000,0.000000,0.000000,0.000000,0.000000,0.000000,0.000000
command.limits.lower1=-2.000000,-1.000000,-1.000000,-0.400000,-0.400000,-0.400000,0.000000,0.000000,-1000.000000,0.000000,0.000000,0.000000
network.simcorPort=6445
step.stepSplitting=1
om.sensor.error.tol=0.000100,0.000100,0.000100,0.000100,0.000100,0.000100
step.derivedDof.calculations=0
om.apply2Lbcb=LBCB1,LBCB1,LBCB1,LBCB1,LBCB1,LBCB1
step.ed.correction=0
om.useFakeOm=0
step.sensor.substepInc.lbcb2=1.000000,1.000000,1.000000,1.000000,1.000000,1.000000
step.sensor.substepInc.lbcb1=0.500000,1.000000,1.000000,1.000000,1.000000,1.000000
logger.msgLevel=INFO
network.connectionTimeout=3000000
om.location.plat.ext.sensor6=-2.000000,4.400000,0.625000
network.omHost=cee-neespom.cee.illinois.edu
om.location.plat.ext.sensor5=4.000000,4.400000,0.625000
