#Tue Mar 08 15:05:00 CST 2011
command.tolerances.used1=1.000000,0.000000,0.000000,0.000000,1.000000,0.000000,0.000000,0.000000,0.000000,0.000000,0.000000,0.000000
network.omPort=6342
om.numExtSensors=4
om.sensor.perturbations.lbcb1=0.010000,1000.000000,0.010000,1000.000000,0.001000,0.001000
om.sensor.error.tol=0.001000,0.001000,0.001000,0.001000
command.tolerances.window1=0.000500,0.000000,0.000000,0.000000,0.000250,0.000000,0.000000,0.000000,0.000000,0.000000,0.000000,0.000000
om.useFakeOm=0
network.omHost=cee-neessmom3.cee.illinois.edu
logger.cmdLevel=DEBUG
step.correction=1,1,0,0,0
om.apply2Lbcb=LBCB1,LBCB1,LBCB1,LBCB1
correctionSettings.labels.cfg=RyOffset,null,null,null,null,null,null,null,null,null,null,null,null,null,null,null,null,null,null,null
step.prelimAdjustTarget.function=wharfPierEdPrelimAdjust,wharfPierDdPrelimAdjust
network.triggerPort=6446
step.calculations=1,1,0,0,0
step.calculation.function=wharfPierEdCalculate,wharfPierDd0Calculate,<NONE>,<NONE>,<NONE>
correctionSettings.values.cfg=0.000000,0.000000,0.000000,0.000000,0.000000,0.000000,0.000000,0.000000,0.000000,0.000000,0.000000,0.000000,0.000000,0.000000,0.000000,0.000000,0.000000,0.000000,0.000000,0.000000
step.adjustTarget.function=wharfPierEdAdjustTarget,<NONE>,<NONE>,<NONE>,<NONE>
om.location.base.ext.sensor4=9.687500,0.437500,8.000000
om.location.base.ext.sensor3=-9.812500,0.187500,7.750000
om.sensorNames=Horizontal_Front,Horizontal_Back,Vertical_Left,Vertical_Right
om.location.base.ext.sensor2=-16.937500,-4.062500,0.250000
om.location.base.ext.sensor1=-17.437500,4.312500,-0.125000
om.sensitivities=1.000000,1.000000,1.000000,1.000000
network.msgTimeout=10000
logger.msgLevel=INFO
om.location.plat.ext.sensor4=9.687500,0.312500,0.625000
om.location.plat.ext.sensor3=-9.812500,-0.187500,0.125000
om.location.plat.ext.sensor2=-7.187500,-4.062500,0.750000
step.needsCorrection.function=wharfPierEdNeedsCorrection,<NONE>,<NONE>,<NONE>,<NONE>
om.location.plat.ext.sensor1=-7.437500,4.312500,0.000000
network.execute.msgTimeout=60000
network.vampInterval=15
