#Mon Jan 18 18:17:44 CST 2010
om.location.plat.ext.sensor4=0.000000,0.000000,0.000000
step.ed.calculations=0
om.sensorNames=1_LBCB1_x,2_LBCB1_z_right,3_LBCB1_z_left,4_LBCB2_z_right,5_LBCB2_z_left,6_LBCB2_x
om.location.plat.ext.sensor3=0.000000,0.000000,0.000000
om.location.plat.ext.sensor2=0.000000,0.000000,0.000000
om.location.plat.ext.sensor1=0.000000,0.000000,0.000000
step.ed.calculation.function=coupledWallCalculate
uisimcor.addresses=
network.msgTimeout=90000
uisimcor.numControlPoints=0
command.limits.upper2=1,0.000000,0.000000,0.000000,0.000000,0.000000,0.000000,0.000000,0.000000,0.000000,0.000000,0.000000
command.limits.upper1=1,0.000000,0.000000,0.000000,0.000000,0.000000,0.000000,0.000000,0.000000,0.000000,0.000000,0.000000
command.limits.used2=1,0,0,0,0,0,0,0,0,0,0,0
command.limits.used1=1.000000,0.000000,0.000000,0.000000,0.000000,0.000000,0.000000,0.000000,0.000000,0.000000,0.000000,0.000000
increment.limits.used2=0,0,0,0,0,0,0,0,0,0,0,0
increment.limits.used1=0.000000,0.000000,0.000000,0.000000,0.000000,0.000000,0.000000,0.000000,0.000000,0.000000,0.000000,0.000000
om.numExtSensors=6
om.sensitivities=1.000000,1.000000,1.000000,1.000000,1.000000,1.000000
increment.limits.window2=0.100000,0.000000,0.000000,0.000000,0.000000,0.000000,0.000000,0.000000,0.000000,0.000000,0.000000,0.000000
increment.limits.window1=0.100000,0.000000,0.000000,0.000000,0.000000,0.000000,0.000000,0.000000,0.000000,0.000000,0.000000,0.000000
om.location.base.ext.sensor6=0.000000,0.000000,0.000000
om.location.base.ext.sensor5=0.000000,0.000000,0.000000
om.location.base.ext.sensor4=0.000000,0.000000,0.000000
om.location.base.ext.sensor3=0.000000,0.000000,0.000000
om.location.base.ext.sensor2=0.000000,0.000000,0.000000
om.location.base.ext.sensor1=0.000000,0.000000,0.000000
command.tolerances.used1=0.000000,0.000000,0.000000,0.000000,0.000000,0.000000,0.000000,0.000000,0.000000,0.000000,0.000000,0.000000
network.address=MDL-00-01
network.timeout=60000
logger.cmdLevel=DEBUG
network.omPort=6342
om.numLbcbs=2
command.limits.lower1=-1,0.000000,0.000000,0.000000,0.000000,0.000000,0.000000,0.000000,0.000000,0.000000,0.000000,0.000000
network.simcorPort=6445
om.sensor.error.tol=0.000000,0.000000,0.000000,0.000000,0.000000,0.000000
step.stepSplitting=1
om.apply2Lbcb=LBCB1,LBCB1,LBCB1,LBCB2,LBCB2,LBCB2
step.ed.correction=0
step.sensor.substepInc.lbcb2=1.000000,1.000000,1.000000,1.000000,1.000000,1.000000
step.sensor.substepInc.lbcb1=1.000000,1.000000,1.000000,1.000000,1.000000,1.000000
logger.msgLevel=INFO
om.location.plat.ext.sensor6=0.000000,0.000000,0.000000
network.omHost=cee-neessmom2.cee.illinois.edu
om.location.plat.ext.sensor5=0.000000,0.000000,0.000000
