#Tue Feb 02 13:22:00 CST 2010
om.location.plat.ext.sensor4=6.000000,-7.700000,0.520000
step.ed.calculations=0
om.sensorNames=1_LBCB1_x,2_LBCB1_z_right,3_LBCB1_z_left,4_LBCB2_z_right,5_LBCB2_z_left,6_LBCB2_x
om.location.plat.ext.sensor3=-6.000000,-7.500000,0.570000
om.location.plat.ext.sensor2=9.000000,-7.550000,0.500000
om.location.plat.ext.sensor1=9.000000,-6.750000,0.500000
step.dd.calculation.function=coupledWallDdCalculate
step.ed.calculation.function=coupledWallEdCalculate
uisimcor.addresses=MDL-00-01,MDL-00-02
network.msgTimeout=900000
target.simCor2Lbcb.transformation.function=ThreePierTransformCommand
uisimcor.numControlPoints=2
command.limits.upper2=1,0.000000,0.000000,0.000000,0.000000,0.000000,0.000000,0.000000,0.000000,0.000000,0.000000,0.000000
command.limits.upper1=1,0.000000,0.000000,0.000000,0.000000,0.000000,0.000000,0.000000,0.000000,0.000000,0.000000,0.000000
command.limits.used2=1,0,0,0,0,0,0,0,0,0,0,0
command.limits.used1=1.000000,0.000000,0.000000,0.000000,0.000000,0.000000,0.000000,0.000000,0.000000,0.000000,0.000000,0.000000
command.tolerances.window2=0.010000,0.000000,0.000000,0.000000,0.000200,0.000000,0.000000,0.000000,0.000000,0.000000,0.000000,0.000000
command.tolerances.window1=0.010000,0.000000,0.000000,0.000000,0.000200,0.000000,0.000000,0.000000,0.000000,0.000000,0.000000,0.000000
increment.limits.used2=0,0,0,0,0,0,0,0,0,0,0,0
increment.limits.used1=0.000000,0.000000,0.000000,0.000000,0.000000,0.000000,0.000000,0.000000,0.000000,0.000000,0.000000,0.000000
om.numExtSensors=6
om.sensitivities=1.000000,1.000000,1.000000,1.000000,1.000000,1.000000
increment.limits.window2=0.100000,0.000000,0.000000,0.000000,0.000000,0.000000,0.000000,0.000000,0.000000,0.000000,0.000000,0.000000
increment.limits.window1=0.100000,0.000000,0.000000,0.000000,0.000000,0.000000,0.000000,0.000000,0.000000,0.000000,0.000000,0.000000
om.location.base.ext.sensor6=-19.350000,-7.400000,0.420000
om.location.base.ext.sensor5=-8.250000,-7.500000,10.250000
om.location.base.ext.sensor4=8.900000,-7.450000,10.550000
om.location.base.ext.sensor3=-8.800000,-7.450000,10.450000
om.location.base.ext.sensor2=8.300000,-7.550000,10.400000
om.location.base.ext.sensor1=18.920000,-6.750000,0.500000
command.tolerances.used2=1,0,0,0,1,0,0,0,0,0,0,0
command.tolerances.used1=1.000000,0.000000,0.000000,0.000000,1.000000,0.000000,0.000000,0.000000,0.000000,0.000000,0.000000,0.000000
network.address=MDL-00-01
network.timeout=60000
target.lbcb2SimCor.transformation.function=ThreePierTransformResponse
logger.cmdLevel=DEBUG
network.omPort=6342
om.sensor.perturbations.lbcb2=0.010000,1000.000000,0.010000,1000.000000,0.000200,1000.000000
om.numLbcbs=2
om.sensor.perturbations.lbcb1=0.010000,1000.000000,0.010000,1000.000000,0.000200,1000.000000
command.limits.lower2=-1.000000,0.000000,0.000000,0.000000,0.000000,0.000000,0.000000,0.000000,0.000000,0.000000,0.000000,0.000000
command.limits.lower1=-1,0.000000,0.000000,0.000000,0.000000,0.000000,0.000000,0.000000,0.000000,0.000000,0.000000,0.000000
network.simcorPort=6445
step.stepSplitting=1
om.sensor.error.tol=0.000100,0.000100,0.000100,0.000100,0.000100,0.000100
step.derivedDof.calculations=0
om.apply2Lbcb=LBCB1,LBCB1,LBCB1,LBCB2,LBCB2,LBCB2
step.ed.correction=0
step.sensor.substepInc.lbcb2=1.000000,1.000000,1.000000,1.000000,1.000000,1.000000
step.sensor.substepInc.lbcb1=1.000000,1.000000,1.000000,1.000000,1.000000,1.000000
logger.msgLevel=INFO
om.location.plat.ext.sensor6=-9.000000,-7.000000,0.420000
om.location.plat.ext.sensor5=-9.000000,-7.850000,0.420000
network.omHost=cee-neessmom2.cee.illinois.edu
